
0.525
0.52
0.516
0.506
0.51
0.506
0.516
0.516
0.52
0.52
0.525
0.525
0.535
0.529
0.525
0.535
0.525
0.52
0.52
0.52
0.516
0.52
0.516
0.52
0.516
0.52
0.516
0.52
0.516
0.52
0.529
0.555
0.565
0.575
0.545
0.529
0.5
0.49
0.475
0.471
0.475
0.494
0.506
0.52
0.516
0.516
0.555
0.645
0.551
0.053
-0.502
-0.412
0.2
0.439
0.506
0.539
0.565
0.58
0.596
0.58
0.565
0.555
0.555
0.545
0.539
0.539
0.529
0.52
0.52
0.525
0.535
0.539
0.525
0.52
0.516
0.51
0.5
0.5
0.49
0.49
0.475
0.484
0.484
0.49
0.484
0.5
0.51
0.52
0.525
0.525
0.525
0.529
0.525
0.52
0.516
0.506
0.5
0.5
0.506
0.51
0.516
0.5
0.506
0.506
0.5
0.5
0.506
0.5
0.51
0.506
0.535
0.555
0.571
0.555
0.539
0.5
0.484
0.465
0.461
0.465
0.461
0.475
0.475
0.471
0.465
0.475
0.565
0.584
0.239
-0.388
-0.502
0.029
0.394
0.475
0.48
0.5
0.51
0.52
0.525
0.52
0.506
0.494
0.49
0.494
0.5
0.484
0.475
0.48
0.49
0.49
0.494
0.475
0.461
0.445
0.429
0.429
0.425
0.425
0.429
0.41
0.404
0.429
0.471
0.5
0.539
0.565
0.596
0.6
0.61
0.616
0.61
0.59
0.584
0.58
0.584
0.59
0.596
0.606
0.596
0.596
0.59
0.59
0.571
0.571
0.565
0.565
0.555
0.551
0.545
0.561
0.571
0.596
0.606
0.616
0.59
0.565
0.525
0.516
0.49
0.484
0.494
0.5
0.5
0.5
0.5
0.494
0.551
0.61
0.449
-0.163
-0.502
-0.337
0.214
0.394
0.439
0.475
0.5
0.52
0.516
0.5
0.484
0.48
0.484
0.494
0.5
0.494
0.475
0.484
0.475
0.48
0.475
0.48
0.475
0.48
0.475
0.475
0.471
0.475
0.48
0.48
0.48
0.484
0.48
0.48
0.48
0.49
0.494
0.494
0.5
0.5
0.506
0.5
0.516
0.51
0.516
0.51
0.51
0.5
0.51
0.506
0.51
0.506
0.51
0.506
0.5
0.5
0.506
0.506
0.51
0.51
0.529
0.545
0.565
0.571
0.575
0.545
0.52
0.494
0.471
0.461
0.465
0.48
0.49
0.5
0.494
0.494
0.49
0.6
0.616
0.2
-0.502
-0.502
-0.073
0.3
0.41
0.471
0.506
0.535
0.545
0.539
0.539
0.529
0.525
0.52
0.529
0.529
0.535
0.52
0.52
0.525
0.52
0.52
0.52
0.516
0.516
0.51
0.51
0.506
0.52
0.52
0.52
0.506
0.5
0.494
0.5
0.506
0.516
0.529
0.545
0.545
0.565
0.575
0.575
0.571
0.571
0.575
0.571
0.58
0.575
0.58
0.571
0.575
0.571
0.571
0.565
0.555
0.545
0.539
0.535
0.539
0.545
0.561
0.59
0.6
0.59
0.561
0.529
0.5
0.49
0.48
0.475
0.48
0.494
0.494
0.5
0.49
0.484
0.584
0.616
0.29
-0.363
-0.502
-0.006
0.38
0.445
0.471
0.494
0.516
0.529
0.516
0.506
0.51
0.506
0.5
0.494
0.5
0.484
0.475
0.471
0.475
0.471
0.475
0.471
0.465
0.455
0.449
0.435
0.429
0.439
0.429
0.445
0.445
0.465
0.465
0.475
0.49
0.5
0.49
0.51
0.51
0.52
0.516
0.52
0.506
0.52
0.52
0.529
0.52
0.525
0.529
0.529
0.525
0.52
0.516
0.506
0.51
0.506
0.51
0.506
0.516
0.539
0.561
0.575
0.59
0.571
0.545
0.506
0.5
0.49
0.5
0.5
0.52
0.535
0.52
0.5
0.516
0.584
0.68
0.571
0.069
-0.427
-0.433
0.304
0.506
0.529
0.539
0.555
0.561
0.58
0.584
0.565
0.535
0.535
0.535
0.535
0.52
0.51
0.5
0.516
0.51
0.51
0.494
0.475
0.455
0.449
0.439
0.439
0.439
0.435
0.445
0.439
0.449
0.455
0.461
0.461
0.465
0.475
0.49
0.5
0.506
0.506
0.51
0.5
0.51
0.5
0.5
0.5
0.5
0.5
0.5
0.5
0.49
0.494
0.49
0.494
0.494
0.5
0.5
0.51
0.51
0.52
0.535
0.555
0.571
0.575
0.535
0.539
0.49
0.471
0.449
0.449
0.461
0.475
0.48
0.475
0.48
0.475
0.58
0.61
0.31
-0.412
-0.502
-0.247
0.245
0.39
0.461
0.5
0.535
0.539
0.529
0.52
0.525
0.516
0.52
0.535
0.545
0.529
0.525
0.52
0.525
0.52
0.52
0.52
0.52
0.529
0.52
0.525
0.52
0.529
0.525
0.535
0.525
0.525
0.51
0.506
0.5
0.506
0.51
0.52
0.52
0.525
0.529
0.52
0.529
0.535
0.529
0.529
0.535
0.529
0.525
0.52
0.529
0.52
0.52
0.52
0.525
0.525
0.525
0.52
0.525
0.535
0.555
0.571
0.58
0.565
0.545
0.525
0.506
0.475
0.471
0.475
0.49
0.5
0.516
0.52
0.516
0.52
0.596
0.645
0.4
-0.273
-0.502
-0.127
0.339
0.48
0.52
0.551
0.571
0.584
0.58
0.565
0.551
0.561
0.545
0.539
0.551
0.539
0.529
0.525
0.535
0.525
0.529
0.52
0.52
0.506
0.5
0.5
0.5
0.484
0.49
0.48
0.494
0.5
0.5
0.49
0.5
0.5
0.52
0.52
0.529
0.535
0.529
0.525
0.52
0.52
0.516
0.506
0.5
0.516
0.51
0.525
0.52
0.516
0.51
0.516
0.506
0.51
0.506
0.5
0.506
0.535
0.551
0.565
0.571
0.539
0.5
0.494
0.471
0.449
0.455
0.461
0.475
0.475
0.48
0.475
0.494
0.58
0.584
0.159
-0.443
-0.502
0.114
0.429
0.475
0.49
0.52
0.52
0.529
0.52
0.506
0.484
0.49
0.494
0.5
0.506
0.494
0.494
0.49
0.5
0.494
0.484
0.475
0.461
0.449
0.449
0.445
0.449
0.449
0.455
0.445
0.461
0.49
0.529
0.555
0.58
0.6
0.616
0.616
0.61
0.616
0.6
0.58
0.571
0.571
0.575
0.584
0.584
0.59
0.575
0.584
0.575
0.58
0.571
0.565
0.555
0.555
0.545
0.539
0.539
0.555
0.571
0.59
0.59
0.571
0.551
0.52
0.5
0.48
0.471
0.465
0.48
0.49
0.5
0.49
0.484
0.52
0.616
0.484
-0.031
-0.502
-0.469
0.114
0.365
0.435
0.471
0.5
0.52
0.52
0.52
0.506
0.506
0.5
0.51
0.52
0.506
0.5
0.5
0.5
0.494
0.5
0.5
0.5
0.49
0.484
0.484
0.49
0.484
0.5
0.494
0.5
0.494
0.5
0.484
0.49
0.494
0.5
0.5
0.506
0.51
0.51
0.52
0.516
0.52
0.51
0.516
0.51
0.51
0.51
0.52
0.51
0.51
0.51
0.52
0.516
0.52
0.52
0.52
0.52
0.535
0.555
0.571
0.59
0.59
0.561
0.539
0.506
0.484
0.471
0.461
0.475
0.484
0.494
0.484
0.49
0.48
0.584
0.62
0.345
-0.367
-0.502
-0.212
0.269
0.416
0.484
0.51
0.535
0.545
0.551
0.539
0.529
0.545
0.535
0.545
0.545
0.539
0.529
0.535
0.525
0.529
0.52
0.516
0.516
0.52
0.52
0.525
0.52
0.529
0.535
0.539
0.525
0.52
0.516
0.51
0.51
0.51
0.516
0.51
0.516
0.51
0.52
0.52
0.529
0.529
0.529
0.529
0.525
0.525
0.539
0.535
0.545
0.545
0.555
0.561
0.561
0.555
0.551
0.555
0.551
0.571
0.59
0.606
0.606
0.584
0.561
0.525
0.5
0.475
0.475
0.475
0.475
0.494
0.494
0.5
0.49
0.529
0.62
0.51
-0.012
-0.502
-0.363
0.22
0.42
0.445
0.475
0.494
0.516
0.52
0.506
0.5
0.506
0.5
0.494
0.49
0.5
0.49
0.484
0.475
0.475
0.48
0.475
0.471
0.465
0.455
0.449
0.455
0.449
0.449
0.455
0.449
0.449
0.461
0.455
0.475
0.475
0.49
0.494
0.506
0.506
0.51
0.5
0.5
0.49
0.49
0.49
0.5
0.49
0.5
0.494
0.49
0.484
0.48
0.49
0.484
0.48
0.475
0.484
0.48
0.52
0.539
0.561
0.571
0.555
0.516
0.49
0.475
0.465
0.455
0.465
0.475
0.49
0.494
0.48
0.48
0.529
0.59
0.461
-0.073
-0.502
-0.237
0.284
0.461
0.449
0.475
0.494
0.516
0.535
0.545
0.535
0.535
0.535
0.545
0.539
0.529
0.525
0.529
0.539
0.555
0.561
0.545
0.52
0.51
0.494
0.48
0.471
0.465
0.471
0.475
0.48
0.494
0.51
0.52
0.529
0.529
0.539
0.545
0.561
0.571
0.565
0.555
0.555
0.545
0.539
0.529
0.529
0.52
0.525
0.52
0.525
0.516
0.506
0.506
0.5
0.506
0.5
0.506
0.494
0.5
0.516
0.539
0.555
0.565
0.535
0.52
0.49
0.475
0.445
0.439
0.445
0.455
0.471
0.475
0.475
0.471
0.5
0.6
0.49
-0.002
-0.502
-0.502
0.053
0.339
0.42
0.461
0.494
0.52
0.52
0.5
0.5
0.5
0.5
0.506
0.516
0.51
0.5
0.494
0.494
0.49
0.494
0.49
0.494
0.494
0.5
0.5
0.5
0.51
0.506
0.516
0.52
0.52
0.52
0.516
0.5
0.51
0.506
0.516
0.506
0.516
0.516
0.52
0.52
0.529
0.525
0.535
0.52
0.52
0.52
0.52
0.516
0.516
0.52
0.516
0.52
0.52
0.525
0.52
0.529
0.535
0.555
0.575
0.59
0.596
0.561
0.539
0.52
0.494
0.48
0.475
0.484
0.5
0.506
0.5
0.5
0.5
0.59
0.635
0.384
-0.308
-0.502
-0.212
0.274
0.429
0.48
0.52
0.535
0.545
0.529
0.52
0.51
0.51
0.5
0.52
0.529
0.539
0.545
0.539
0.561
0.565
0.565
0.561
0.571
0.571
0.571
0.571
0.575
0.575
0.58
0.571
0.571
0.561
0.555
0.545
0.545
0.545
0.545
0.551
0.561
0.551
0.555
0.561
0.545
0.555
0.545
0.545
0.545
0.535
0.535
0.535
0.529
0.535
0.52
0.525
0.516
0.52
0.516
0.52
0.52
0.545
0.565
0.58
0.571
0.545
0.506
0.49
0.475
0.475
0.465
0.475
0.475
0.48
0.475
0.471
0.475
0.545
0.59
0.355
-0.257
-0.502
-0.122
0.335
0.439


